0 0.064542 0.480392 0.066993 0.808824
0 0.129902 0.360294 0.057190 0.578431
0 0.193627 0.425245 0.063725 0.713235
0 0.258987 0.454657 0.066993 0.855392
0 0.321078 0.449755 0.050654 0.639706
0 0.394608 0.427696 0.070261 0.747549
0 0.454248 0.430147 0.049020 0.575980
0 0.517974 0.542892 0.049020 0.914216
0 0.573529 0.356618 0.058824 0.487745
0 0.638072 0.439951 0.083333 0.659314
0 0.681373 0.373775 0.039216 0.497549
0 0.720588 0.522059 0.078431 0.955882
0 0.803105 0.545343 0.066993 0.899510
0 0.868464 0.375000 0.053922 0.558824
0 0.919118 0.357843 0.047386 0.500000
0 0.968954 0.455882 0.052288 0.789216
